3,2
3,1
3,3
10,312
10,228
10,168
10,269
10,9
10,125
10,146
11,25
11,17
9,6
9,4
9,2
9,3
8,7
8,4
8,17
8,5
8,2
8,3
106,3
106,2
106,1
106,0
105,4
105,3
105,2
105,1
105,0
104,4
104,3
104,2
104,1
104,0
102,4
102,3
102,2
102,1
102,0
100,4
100,3
100,2
100,1
100,0
98,5
98,4
98,3
98,2
98,1
98,0
96,3
96,2
96,1
96,0
95,3
95,2
95,1
95,0
94,5
94,4
94,3
94,2
94,1
94,0
93,4
93,3
93,2
93,1
93,0
92,4
92,3
92,2
92,1
92,0
91,4
91,3
91,2
91,1
91,0
90,3
90,2
90,1
90,0
20,3
20,2
20,1
19,3
19,2
19,1
12,3
12,2
12,1
11,27
11,26
11,24
11,22
11,21
11,20
11,19
11,18
11,16
11,15
11,14
11,13
11,12
11,11
11,10
11,9
18,1
11,8
18,3
11,7
11,6
11,5
11,4
14,1
11,3
14,3
11,2
